   -405.0226
   -349.5792
> >    -379.6355
   -324.6769
> >    -417.8841
   -351.8435
> >    -324.5106
   -266.8633
   -708.2251
   -608.1214
   -351.0306
   -281.076
   -723.9349
   -606.6955
   -351.6844
   -281.4322
   -695.4762
   -595.0951
   -155.28
   -134.8226
   -625.0115
   -575.0417
   -159.4893
   -134.3686
   -631.977
   -562.2166
   -184.9754
   -152.5354
   -633.1418
   -583.9364
   -647.054
   -496.4563
   -1019.587
   -789.0592
   -656.7312
   -494.3462
   -1018.89
   -779.6198
   -716.2551
   -535.326
   -1113.36
   -852.9414
   -325.0071
   -267.7601
   -709.4042
   -607.0839
   -349.6944
   -281.9083
> >    -390.6515
   -342.71
> >    -366.5904
   -320.9128
> >    -394.7422
   -342.3131
> >    -312.1044
   -263.9012
   -695.9891
   -603.2684
   -332.773
   -276.6951
>    -598.1231
   -332.2347
   -273.429
>    -589.2073
   -150.9845
   -134.2938
   -614.2017
   -571.8758
   -155.286
   -134.3478
   -613.1048
   -554.8085
   -177.3023
   -152.9251
   -613.3792
   -571.3275
   -624.8393
   -492.0836
   -987.5048
   -776.8688
   -627.0697
   -485.1837
   -991.2846
   -769.9401
   -675.5104
   -520.3058
   -1055.567
   -825.9763
   -436.521
   -363.9427
> >    -451.4354
   -363.9912
> >    -482.5093
   -384.8959
   -271.4565
   -273.087
   -273.9548
   -93.38584
   -95.01518
   -100.8589
   -249.0413
   -245.7685
   -261.0065
   -271.9367
   -273.4282
   -274.8708
   -93.75043
   -95.15367
   -101.7695
   -248.6342
   -244.1973
   -261.9112
