   -404.4539
   -349.5844
> >    -378.5623
   -324.6802
> >    -418.1623
   -351.3397
> >    -325.0342
   -267.3061
   -709.9588
   -607.5091
   -350.6976
   -281.9782
   -723.0242
   -606.3506
   -352.4523
   -281.5788
   -698.4306
>    -155.2431
   -134.3744
   -623.8058
   -575.3122
   -159.432
   -133.7806
   -632.2756
   -562.107
   -184.6855
   -151.333
>    -585.1288
   -646.8306
   -496.1672
   -1017.388
   -789.0443
   -658.7233
   -494.2351
   -1019.583
   -780.3639
   -715.511
   -536.5018
   -1112.052
   -853.0659
   -457.0028
   -364.7458
> >    -472.9947
   -364.0588
> >    -516.8072
   -389.2022
> >    -390.5432
   -342.9666
> >    -368.0207
   -320.6159
> >    -396.0094
   -342.3351
> >    -312.0759
   -263.464
>    -604.7634
   -333.3215
   -276.4966
   -706.3939
   -597.9119
   -332.3505
   -273.4329
   -680.2855
   -588.3846
   -151.2071
   -134.3865
   -612.4139
   -572.7755
   -155.5301
   -134.3364
   -613.8092
   -554.4887
   -178.0836
   -153.464
   -614.6113
>    -624.9178
   -492.2604
   -989.5151
   -778.2067
>    -485.4342
   -992.2636
   -770.475
   -676.6678
   -518.4884
   -1056.26
   -826.5541
   -437.1265
   -364.0762
> >    -454.6446
   -364.1928
> >    -482.7868
   -384.7377
> >    -271.2518
   -273.2227
   -273.3426
   -93.45705
   -93.21425
   -94.90938
   -101.1188
   -248.9274
   -244.5799
   -261.5371
   -272.2926
   -273.7485
   -274.4724
   -93.46073
   -95.39951
   -101.7285
   -248.9557
   -245.2952
   -261.5053
